STATIONS_ID;MESS_DATUM;QN_592;ATMO_STRAHL;FD_STRAHL;FG_STRAHL;SD_STRAHL;eor
       1346;20230101;    1;     -999;   223.00;   588.00;    6.6;eor
       1346;20230102;    1;     -999;   250.00;   321.00;    1.7;eor
       1346;20230103;    1;     -999;   242.00;   344.00;    1.9;eor
       1346;20230104;    1;     -999;    90.00;    90.00;    0.0;eor
       1346;20230105;    1;     -999;   175.00;   175.00;    0.0;eor
       1346;20230106;    1;     -999;   243.00;   247.00;    0.1;eor
       1346;20230107;    1;     -999;   127.00;   658.00;    6.5;eor
       1346;20230108;    1;     -999;   129.00;   129.00;    0.0;eor
       1346;20230109;    1;     -999;   126.00;   126.00;    0.0;eor
       1346;20230110;    1;     -999;   280.00;   281.00;    0.0;eor
       1346;20230111;    1;     -999;   107.00;   107.00;    0.0;eor
       1346;20230112;    1;     -999;   132.00;   132.00;    0.0;eor
       1346;20230113;    1;     -999;   144.00;   145.00;    0.0;eor
       1346;20230114;    1;     -999;   269.00;   270.00;    0.0;eor
       1346;20230115;    1;     -999;    98.00;    98.00;    0.0;eor
       1346;20230116;    1;     -999;    95.00;    95.00;    0.0;eor
       1346;20230117;    1;     -999;   217.00;   220.00;    0.1;eor
       1346;20230118;    1;     -999;   316.00;   324.00;    0.1;eor
       1346;20230119;    1;     -999;   288.00;   290.00;    0.0;eor
       1346;20230120;    1;     -999;   420.00;   454.00;    0.8;eor
       1346;20230121;    1;     -999;   439.00;   455.00;    0.7;eor
       1346;20230122;    1;     -999;   427.00;   427.00;    0.0;eor
       1346;20230123;    1;     -999;   272.00;   273.00;    0.0;eor
       1346;20230124;    1;     -999;   448.00;   631.00;    3.5;eor
       1346;20230125;    1;     -999;   172.00;   903.00;    7.6;eor
       1346;20230126;    1;     -999;   373.00;   821.00;    4.8;eor
       1346;20230127;    1;     -999;   486.00;   507.00;    0.4;eor
       1346;20230128;    1;     -999;   384.00;   384.00;    0.0;eor
       1346;20230129;    1;     -999;   377.00;   861.00;    6.9;eor
       1346;20230130;    1;     -999;   349.00;   349.00;    0.0;eor
       1346;20230131;    1;     -999;   451.00;   637.00;    2.7;eor
       1346;20230201;    1;     -999;   219.00;   219.00;    0.0;eor
       1346;20230202;    1;     -999;   232.00;   232.00;    0.0;eor
       1346;20230203;    1;     -999;   412.00;   412.00;    0.0;eor
       1346;20230204;    1;     -999;   473.00;   478.00;    0.0;eor
       1346;20230205;    1;     -999;   253.00;   253.00;    0.0;eor
       1346;20230206;    1;     -999;   723.00;   864.00;    1.5;eor
       1346;20230207;    1;     -999;   175.00;  1096.00;    8.4;eor
       1346;20230208;    1;     -999;   170.00;  1109.00;    8.4;eor
       1346;20230209;    1;     -999;   234.00;  1066.00;    8.4;eor
       1346;20230210;    1;     -999;   238.00;  1076.00;    7.2;eor
       1346;20230211;    1;     -999;   275.00;  1034.00;    7.1;eor
       1346;20230212;    1;     -999;   172.00;  1161.00;    8.6;eor
       1346;20230213;    1;     -999;   174.00;  1207.00;    8.6;eor
       1346;20230214;    1;     -999;   175.00;  1225.00;    8.7;eor
       1346;20230215;    1;     -999;   177.00;  1225.00;    8.7;eor
       1346;20230216;    1;     -999;   372.00;  1021.00;    6.0;eor
       1346;20230217;    1;     -999;   469.00;   469.00;    0.0;eor
       1346;20230218;    1;     -999;   292.00;   292.00;    0.0;eor
       1346;20230219;    1;     -999;   264.00;   264.00;    0.0;eor
       1346;20230220;    1;     -999;   235.00;  1273.00;    9.1;eor
       1346;20230221;    1;     -999;   217.00;  1297.00;    9.2;eor
       1346;20230222;    1;     -999;   638.00;   848.00;    3.9;eor
       1346;20230223;    1;     -999;   459.00;   494.00;    0.8;eor
       1346;20230224;    1;     -999;   557.00;   671.00;    2.0;eor
       1346;20230225;    1;     -999;   573.00;   575.00;    0.0;eor
       1346;20230226;    1;     -999;   409.00;   414.00;    0.1;eor
       1346;20230227;    1;     -999;   541.00;   548.00;    0.2;eor
       1346;20230228;    1;     -999;   906.00;  1201.00;    2.9;eor
       1346;20230301;    1;     -999;  1055.00;  1169.00;    2.0;eor
       1346;20230302;    1;     -999;   323.00;  1515.00;    9.2;eor
       1346;20230303;    1;     -999;   751.00;   816.00;    0.8;eor
       1346;20230304;    1;     -999;   263.00;  1563.00;    9.9;eor
       1346;20230305;    1;     -999;   763.00;   971.00;    1.7;eor
       1346;20230306;    1;     -999;   398.00;   400.00;    0.0;eor
       1346;20230307;    1;     -999;   648.00;   797.00;    2.2;eor
       1346;20230308;    1;     -999;   185.00;   185.00;    0.0;eor
       1346;20230309;    1;     -999;   411.00;   451.00;    0.7;eor
       1346;20230310;    1;     -999;   216.00;   216.00;    0.0;eor
       1346;20230311;    1;     -999;   594.00;  1246.00;    4.0;eor
       1346;20230312;    1;     -999;   558.00;   563.00;    0.1;eor
       1346;20230313;    1;     -999;   612.00;   986.00;    3.9;eor
       1346;20230314;    1;     -999;   393.00;   415.00;    0.5;eor
       1346;20230315;    1;     -999;   708.00;  1425.00;    6.4;eor
       1346;20230316;    1;     -999;   486.00;  1596.00;    8.5;eor
       1346;20230317;    1;     -999;   803.00;  1367.00;    7.2;eor
       1346;20230318;    1;     -999;   619.00;  1528.00;    7.4;eor
       1346;20230319;    1;     -999;   514.00;   561.00;    0.9;eor
       1346;20230320;    1;     -999;   814.00;   835.00;    0.2;eor
       1346;20230321;    1;     -999;   949.00;  1295.00;    5.7;eor
       1346;20230322;    1;     -999;   487.00;  1779.00;   10.3;eor
       1346;20230323;    1;     -999;   716.00;   732.00;    0.2;eor
       1346;20230324;    1;     -999;   139.00;   139.00;    0.0;eor
       1346;20230325;    1;     -999;   547.00;   548.00;    0.0;eor
       1346;20230326;    1;     -999;   469.00;   484.00;    0.2;eor
       1346;20230327;    1;     -999;   933.00;  1207.00;    1.9;eor
       1346;20230328;    1;     -999;   688.00;  1997.00;   10.4;eor
       1346;20230329;    1;     -999;   926.00;  1026.00;    1.7;eor
       1346;20230330;    1;     -999;   251.00;   271.00;    0.2;eor
       1346;20230331;    1;     -999;   441.00;   472.00;    0.3;eor
       1346;20230401;    1;     -999;   569.00;   569.00;    0.0;eor
       1346;20230402;    1;     -999;  1115.00;  1130.00;    0.2;eor
       1346;20230403;    1;     -999;  1035.00;  1050.00;    0.2;eor
       1346;20230404;    1;     -999;   401.00;  2235.00;   10.3;eor
       1346;20230405;    1;     -999;   447.00;  2307.00;   11.4;eor
       1346;20230406;    1;     -999;   803.00;  1742.00;    7.4;eor
       1346;20230407;    1;     -999;   914.00;   915.00;    0.0;eor
       1346;20230408;    1;     -999;   812.00;   813.00;    0.0;eor
       1346;20230409;    1;     -999;   424.00;  2302.00;   10.6;eor
       1346;20230410;    1;     -999;   905.00;  1827.00;    7.1;eor
       1346;20230411;    1;     -999;   872.00;   925.00;    1.1;eor
       1346;20230412;    1;     -999;   319.00;   319.00;    0.0;eor
       1346;20230413;    1;     -999;  1077.00;  1177.00;    1.0;eor
       1346;20230414;    1;     -999;   987.00;  1583.00;    5.0;eor
       1346;20230415;    1;     -999;   897.00;   941.00;    1.0;eor
       1346;20230416;    1;     -999;   589.00;   589.00;    0.0;eor
       1346;20230417;    1;     -999;   914.00;   974.00;    0.5;eor
       1346;20230418;    1;     -999;   990.00;  1130.00;    2.3;eor
       1346;20230419;    1;     -999;   548.00;   548.00;    0.0;eor
       1346;20230420;    1;     -999;   951.00;   960.00;    0.2;eor
       1346;20230421;    1;     -999;   707.00;  1896.00;    7.0;eor
       1346;20230422;    1;     -999;  1040.00;  1629.00;    6.1;eor
       1346;20230423;    1;     -999;  1139.00;  1370.00;    2.4;eor
       1346;20230424;    1;     -999;   594.00;   608.00;    0.2;eor
       1346;20230425;    1;     -999;  1097.00;  1117.00;    0.2;eor
       1346;20230426;    1;     -999;  1315.00;  1705.00;    5.0;eor
       1346;20230427;    1;     -999;  1052.00;  1411.00;    3.2;eor
       1346;20230428;    1;     -999;   600.00;   601.00;    0.0;eor
       1346;20230429;    1;     -999;  1183.00;  2083.00;    5.9;eor
       1346;20230430;    1;     -999;   976.00;  1001.00;    0.3;eor
       1346;20230501;    1;     -999;   831.00;   890.00;    0.7;eor
       1346;20230502;    1;     -999;  1120.00;  1534.00;    2.9;eor
       1346;20230503;    1;     -999;   706.00;  2554.00;    9.9;eor
       1346;20230504;    1;     -999;   577.00;  2686.00;   12.7;eor
       1346;20230505;    1;     -999;  1069.00;  1566.00;    3.9;eor
       1346;20230506;    1;     -999;  1143.00;  1872.00;    6.9;eor
       1346;20230507;    1;     -999;  1034.00;  1487.00;    5.2;eor
       1346;20230508;    1;     -999;   649.00;   651.00;    0.0;eor
       1346;20230509;    1;     -999;  1141.00;  1227.00;    1.2;eor
       1346;20230510;    1;     -999;   942.00;  1100.00;    1.0;eor
       1346;20230511;    1;     -999;  1032.00;  1061.00;    0.4;eor
       1346;20230512;    1;     -999;   906.00;   942.00;    0.2;eor
       1346;20230513;    1;     -999;   714.00;   720.00;    0.1;eor
       1346;20230514;    1;     -999;   972.00;  1066.00;    1.0;eor
       1346;20230515;    1;     -999;   857.00;  1022.00;    1.1;eor
       1346;20230516;    1;     -999;   353.00;   353.00;    0.0;eor
       1346;20230517;    1;     -999;  1340.00;  1758.00;    4.1;eor
       1346;20230518;    1;     -999;  1032.00;  1412.00;    3.2;eor
       1346;20230519;    1;     -999;   847.00;  1090.00;    2.6;eor
       1346;20230520;    1;     -999;  1359.00;  1606.00;    1.6;eor
       1346;20230521;    1;     -999;   844.00;  1639.00;    5.8;eor
       1346;20230522;    1;     -999;   987.00;  1350.00;    4.2;eor
       1346;20230523;    1;     -999;  1086.00;  1182.00;    1.1;eor
       1346;20230524;    1;     -999;   884.00;  1037.00;    1.2;eor
       1346;20230525;    1;     -999;  1352.00;  2450.00;    8.2;eor
       1346;20230526;    1;     -999;   988.00;  2710.00;   12.3;eor
       1346;20230527;    1;     -999;   904.00;  2666.00;   12.1;eor
       1346;20230528;    1;     -999;   798.00;  2833.00;   13.4;eor
       1346;20230529;    1;     -999;   684.00;  2920.00;   13.7;eor
       1346;20230530;    1;     -999;   896.00;  2797.00;   12.1;eor
       1346;20230531;    1;     -999;   533.00;  3031.00;   14.2;eor
       1346;20230601;    1;     -999;   922.00;  2495.00;   11.8;eor
       1346;20230602;    1;     -999;   816.00;  2776.00;   12.2;eor
       1346;20230603;    1;     -999;   962.00;  1900.00;    8.2;eor
       1346;20230604;    1;     -999;  1237.00;  2048.00;    6.8;eor
       1346;20230605;    1;     -999;   998.00;  2425.00;    8.9;eor
       1346;20230606;    1;     -999;   959.00;  2063.00;    8.2;eor
       1346;20230607;    1;     -999;   853.00;  2215.00;   10.4;eor
       1346;20230608;    1;     -999;   907.00;  1840.00;    8.0;eor
       1346;20230609;    1;     -999;   982.00;  2396.00;   10.2;eor
       1346;20230610;    1;     -999;   936.00;  1916.00;    7.2;eor
       1346;20230611;    1;     -999;   727.00;  2777.00;   12.5;eor
       1346;20230612;    1;     -999;     -999;     -999;-999;eor
       1346;20230613;    1;     -999;   395.00;  3302.00;   14.5;eor
       1346;20230614;    1;     -999;   574.00;  3025.00;   13.3;eor
       1346;20230615;    1;     -999;   999.00;  1976.00;    8.2;eor
       1346;20230616;    1;     -999;   745.00;  2866.00;   12.3;eor
       1346;20230617;    1;     -999;  1029.00;  2581.00;   11.4;eor
       1346;20230618;    1;     -999;  1097.00;  2505.00;   10.1;eor
       1346;20230619;    1;     -999;  1166.00;  2235.00;    8.5;eor
       1346;20230620;    1;     -999;   998.00;  2401.00;    9.7;eor
       1346;20230621;    1;     -999;  1115.00;  1748.00;    5.5;eor
       1346;20230622;    1;     -999;  1190.00;  1571.00;    5.3;eor
       1346;20230623;    1;     -999;   922.00;  2135.00;    7.4;eor
       1346;20230624;    1;     -999;   534.00;  3035.00;   14.0;eor
       1346;20230625;    1;     -999;   399.00;  3175.00;   14.4;eor
       1346;20230626;    1;     -999;  1110.00;  2016.00;    7.7;eor
       1346;20230627;    1;     -999;  1341.00;  2417.00;   10.2;eor
       1346;20230628;    1;     -999;  1291.00;  2118.00;    6.1;eor
       1346;20230629;    1;     -999;  1474.00;  2320.00;    7.9;eor
       1346;20230630;    1;     -999;   637.00;   638.00;    0.0;eor
       1346;20230701;    1;     -999;  1262.00;  1737.00;    3.8;eor
       1346;20230702;    1;     -999;   975.00;  1364.00;    3.9;eor
       1346;20230703;    1;     -999;     -999;     -999;-999;eor
       1346;20230704;    1;     -999;  1233.00;  1608.00;    4.0;eor
       1346;20230705;    1;     -999;   638.00;  2170.00;    7.7;eor
       1346;20230706;    1;     -999;   997.00;  1956.00;    7.0;eor
       1346;20230707;    1;     -999;   662.00;  2733.00;   12.7;eor
       1346;20230708;    1;     -999;  1102.00;  2162.00;    7.0;eor
       1346;20230709;    1;     -999;   799.00;  2778.00;   13.2;eor
       1346;20230710;    1;     -999;  1173.00;  2312.00;   10.0;eor
       1346;20230711;    1;     -999;   591.00;  2867.00;   12.7;eor
       1346;20230712;    1;     -999;  1137.00;  1239.00;    1.1;eor
       1346;20230713;    1;     -999;  1047.00;  1852.00;    5.3;eor
       1346;20230714;    1;     -999;  1105.00;  2632.00;   13.2;eor
       1346;20230715;    1;     -999;   697.00;  2544.00;   10.6;eor
       1346;20230716;    1;     -999;  1275.00;  2064.00;    5.8;eor
       1346;20230717;    1;     -999;  1383.00;  2082.00;    6.1;eor
       1346;20230718;    1;     -999;   879.00;  1808.00;    8.2;eor
       1346;20230719;    1;     -999;  1043.00;  2058.00;    6.9;eor
       1346;20230720;    1;     -999;   944.00;  2576.00;   11.1;eor
       1346;20230721;    1;     -999;   946.00;  1308.00;    4.4;eor
       1346;20230722;    1;     -999;   861.00;  2308.00;   10.5;eor
       1346;20230723;    1;     -999;  1218.00;  1924.00;    6.6;eor
       1346;20230724;    1;     -999;   671.00;   697.00;    0.4;eor
       1346;20230725;    1;     -999;   781.00;   913.00;    1.0;eor
       1346;20230726;    1;     -999;  1011.00;  1283.00;    2.7;eor
       1346;20230727;    1;     -999;  1223.00;  1868.00;    5.7;eor
       1346;20230728;    1;     -999;   683.00;   712.00;    0.3;eor
       1346;20230729;    1;     -999;   807.00;   917.00;    0.7;eor
       1346;20230730;    1;     -999;  1091.00;  1507.00;    3.3;eor
       1346;20230731;    1;     -999;  1115.00;  2083.00;    6.2;eor
       1346;20230801;    1;     -999;   712.00;   902.00;    1.4;eor
       1346;20230802;    1;     -999;   568.00;   590.00;    0.2;eor
       1346;20230803;    1;     -999;   739.00;  1004.00;    2.8;eor
       1346;20230804;    1;     -999;   897.00;   930.00;    0.2;eor
       1346;20230805;    1;     -999;   991.00;  1242.00;    2.1;eor
       1346;20230806;    1;     -999;   434.00;   434.00;    0.0;eor
       1346;20230807;    1;     -999;   958.00;  1252.00;    2.2;eor
       1346;20230808;    1;     -999;  1099.00;  1709.00;    6.1;eor
       1346;20230809;    1;     -999;   697.00;   744.00;    1.2;eor
       1346;20230810;    1;     -999;   479.00;  2353.00;   11.0;eor
       1346;20230811;    1;     -999;   402.00;  2357.00;   11.6;eor
       1346;20230812;    1;     -999;   970.00;  1473.00;    4.4;eor
       1346;20230813;    1;     -999;  1161.00;  1740.00;    6.6;eor
       1346;20230814;    1;     -999;  1033.00;  2036.00;    9.4;eor
       1346;20230815;    1;     -999;   748.00;  2432.00;   10.6;eor
       1346;20230816;    1;     -999;   727.00;  2430.00;   11.3;eor
       1346;20230817;    1;     -999;   927.00;  1844.00;    7.0;eor
       1346;20230818;    1;     -999;   479.00;  2463.00;   12.1;eor
       1346;20230819;    1;     -999;  1138.00;  2018.00;    7.2;eor
       1346;20230820;    1;     -999;   558.00;  2373.00;   10.9;eor
       1346;20230821;    1;     -999;   629.00;  1803.00;    9.0;eor
       1346;20230822;    1;     -999;     -999;     -999;-999;eor
       1346;20230823;    1;     -999;   740.00;  2188.00;   11.1;eor
       1346;20230824;    1;     -999;   748.00;  2144.00;    8.1;eor
       1346;20230825;    1;     -999;   763.00;   861.00;    1.3;eor
       1346;20230826;    1;     -999;   383.00;   393.00;    0.0;eor
       1346;20230827;    1;     -999;   480.00;   493.00;    0.0;eor
       1346;20230828;    1;     -999;   304.00;   313.00;    0.0;eor
       1346;20230829;    1;     -999;   518.00;   527.00;    0.0;eor
       1346;20230830;    1;     -999;   946.00;  1330.00;    5.6;eor
       1346;20230831;    1;     -999;  1203.00;  1490.00;    2.9;eor
       1346;20230901;    1;  2932.00;   862.00;  1323.00;    4.0;eor
       1346;20230902;    1;  2602.00;   539.00;  1798.00;   10.2;eor
       1346;20230903;    1;  2647.00;  1017.00;  1844.00;    9.7;eor
       1346;20230904;    1;  2608.00;   269.00;  2284.00;   12.7;eor
       1346;20230905;    1;  2477.00;   236.00;  2320.00;   12.6;eor
       1346;20230906;    1;     -999;   256.00;  2309.00;   12.6;eor
       1346;20230907;    1;  2672.00;   381.00;  2134.00;   11.9;eor
       1346;20230908;    1;  2693.00;   519.00;  1919.00;   10.9;eor
       1346;20230909;    1;  2769.00;   663.00;  2045.00;   11.4;eor
       1346;20230910;    1;  2622.00;   310.00;  2131.00;   12.3;eor
       1346;20230911;    1;  2623.00;   365.00;  2015.00;   12.1;eor
       1346;20230912;    1;  2873.00;   537.00;  1845.00;    9.2;eor
       1346;20230913;    1;  3045.00;   519.00;   546.00;    0.1;eor
       1346;20230914;    1;  2824.00;   767.00;  1228.00;    4.6;eor
       1346;20230915;    1;  2692.00;   607.00;  1898.00;   11.3;eor
       1346;20230916;    1;  2848.00;   900.00;  1278.00;    3.8;eor
       1346;20230917;    1;  2761.00;   613.00;  1773.00;   11.2;eor
       1346;20230918;    1;  3025.00;   519.00;   555.00;    0.8;eor
       1346;20230919;    1;  2747.00;   604.00;   929.00;    3.7;eor
       1346;20230920;    1;     -999;   214.00;  1965.00;   11.7;eor
       1346;20230921;    1;  2956.00;   822.00;  1075.00;    2.8;eor
       1346;20230922;    1;  2934.00;   539.00;   624.00;    0.9;eor
       1346;20230923;    1;  2517.00;   643.00;  1016.00;    3.2;eor
       1346;20230924;    1;  2058.00;   308.00;  1886.00;   11.1;eor
       1346;20230925;    1;  2122.00;   197.00;  1929.00;   11.5;eor
       1346;20230926;    1;     -999;   195.00;  1895.00;   11.5;eor
       1346;20230927;    1;  2273.00;   249.00;  1823.00;   11.2;eor
       1346;20230928;    1;  2639.00;   401.00;  1611.00;   10.1;eor
       1346;20230929;    1;  2718.00;   426.00;  1457.00;    8.7;eor
       1346;20230930;    1;     -999;   720.00;   917.00;    2.3;eor
       1346;20231001;    1;     -999;   226.00;  1680.00;   11.1;eor
       1346;20231002;    1;  2515.00;   251.00;  1700.00;   11.1;eor
       1346;20231003;    1;  2748.00;   408.00;   858.00;    5.3;eor
       1346;20231004;    1;  2402.00;   711.00;  1224.00;    6.2;eor
       1346;20231005;    1;     -999;   740.00;  1172.00;    3.9;eor
       1346;20231006;    1;  2315.00;   517.00;  1405.00;   10.5;eor
       1346;20231007;    1;     -999;   372.00;  1453.00;   10.1;eor
       1346;20231008;    1;  2623.00;   647.00;  1320.00;    8.7;eor
       1346;20231009;    1;  2626.00;   701.00;  1027.00;    4.9;eor
       1346;20231010;    1;     -999;   696.00;  1370.00;   10.4;eor
       1346;20231011;    1;     -999;   211.00;  1495.00;   10.6;eor
       1346;20231012;    1;  2646.00;   545.00;  1170.00;    6.4;eor
       1346;20231013;    1;  2507.00;   275.00;  1410.00;   10.5;eor
       1346;20231014;    1;  2940.00;   156.00;   157.00;    0.0;eor
       1346;20231015;    1;     -999;   505.00;   618.00;    1.2;eor
       1346;20231016;    1;  1930.00;   263.00;  1445.00;    9.4;eor
       1346;20231017;    1;     -999;   620.00;  1138.00;    7.1;eor
       1346;20231018;    1;     -999;   385.00;   393.00;    0.0;eor
       1346;20231019;    1;  3051.00;   315.00;   323.00;    0.0;eor
       1346;20231020;    1;  2978.00;   205.00;   210.00;    0.2;eor
       1346;20231021;    1;  2785.00;   344.00;   348.00;    0.0;eor
       1346;20231022;    1;     -999;   554.00;   895.00;    3.5;eor
       1346;20231023;    1;  2718.00;   367.00;   381.00;    0.2;eor
       1346;20231024;    1;  2936.00;   140.00;   140.00;    0.0;eor
       1346;20231025;    1;  2810.00;   159.00;   160.00;    0.0;eor
       1346;20231026;    1;  2948.00;   173.00;   173.00;    0.0;eor
       1346;20231027;    1;  2851.00;   237.00;   239.00;    0.0;eor
       1346;20231028;    1;  2756.00;   352.00;   371.00;    0.3;eor
       1346;20231029;    1;  2764.00;   396.00;   404.00;    0.2;eor
       1346;20231030;    1;     -999;   369.00;   440.00;    2.4;eor
       1346;20231031;    1;  2864.00;   135.00;   135.00;    0.0;eor
       1346;20231101;    1;  2344.00;   452.00;   850.00;    6.2;eor
       1346;20231102;    1;  2757.00;    67.00;    67.00;    0.0;eor
       1346;20231103;    1;  2656.00;   246.00;   250.00;    0.0;eor
       1346;20231104;    1;  2698.00;   212.00;   237.00;    0.5;eor
       1346;20231105;    1;  2814.00;    71.00;    72.00;    0.0;eor
       1346;20231106;    1;  2809.00;   170.00;   171.00;    0.0;eor
       1346;20231107;    1;  2735.00;   164.00;   165.00;    0.0;eor
       1346;20231108;    1;  2424.00;   324.00;   391.00;    1.7;eor
       1346;20231109;    1;  2598.00;   165.00;   165.00;    0.0;eor
       1346;20231110;    1;  2718.00;   262.00;   265.00;    0.0;eor
       1346;20231111;    1;  2640.00;   323.00;   338.00;    0.1;eor
       1346;20231112;    1;  2675.00;   192.00;   195.00;    0.0;eor
       1346;20231113;    1;  3021.00;    48.00;    50.00;    0.0;eor
       1346;20231114;    1;  2864.00;   130.00;   132.00;    0.0;eor
       1346;20231115;    1;  2793.00;   167.00;   167.00;    0.0;eor
       1346;20231116;    1;  2785.00;   192.00;   208.00;    0.2;eor
       1346;20231117;    1;  2685.00;   345.00;   352.00;    0.0;eor
       1346;20231118;    1;  2581.00;   261.00;   271.00;    0.0;eor
       1346;20231119;    1;  2881.00;   165.00;   166.00;    0.0;eor
       1346;20231120;    1;  2735.00;   179.00;   182.00;    0.0;eor
       1346;20231121;    1;  2766.00;   289.00;   292.00;    0.0;eor
       1346;20231122;    1;  2478.00;   411.00;   442.00;    0.5;eor
       1346;20231123;    1;  2109.00;   117.00;   789.00;    8.4;eor
       1346;20231124;    1;  2680.00;   214.00;   218.00;    0.1;eor
       1346;20231125;    1;  2528.00;   274.00;   274.00;    0.0;eor
       1346;20231126;    1;  2424.00;   301.00;   301.00;    0.0;eor
       1346;20231127;    1;     -999;   282.00;   285.00;    0.0;eor
       1346;20231128;    1;  2541.00;   189.00;   189.00;    0.0;eor
       1346;20231129;    1;     -999;   309.00;   437.00;    4.4;eor
       1346;20231130;    1;     -999;   125.00;   125.00;    0.0;eor
       1346;20231201;    1;  2694.00;   162.00;   164.00;    0.0;eor
       1346;20231202;    1;     -999;   275.00;   279.00;    0.0;eor
       1346;20231203;    1;  1699.00;   131.00;   729.00;    8.0;eor
       1346;20231204;    1;  2475.00;   182.00;   182.00;    0.0;eor
       1346;20231205;    1;  2630.00;   186.00;   187.00;    0.0;eor
       1346;20231206;    1;  2565.00;   258.00;   260.00;    0.0;eor
       1346;20231207;    1;  1972.00;   239.00;   639.00;    6.6;eor
       1346;20231208;    1;  2742.00;   230.00;   231.00;    0.0;eor
       1346;20231209;    1;  2742.00;   203.00;   209.00;    0.0;eor
       1346;20231210;    1;  2704.00;   175.00;   177.00;    0.0;eor
       1346;20231211;    1;  2806.00;    96.00;    96.00;    0.0;eor
       1346;20231212;    1;  2895.00;    82.00;    82.00;    0.0;eor
       1346;20231213;    1;  2760.00;   148.00;   149.00;    0.0;eor
       1346;20231214;    1;  2703.00;   288.00;   290.00;    0.0;eor
       1346;20231215;    1;  2393.00;   306.00;   410.00;    1.9;eor
       1346;20231216;    1;  1950.00;   113.00;   632.00;    7.8;eor
       1346;20231217;    1;  2197.00;   140.00;   609.00;    7.8;eor
       1346;20231218;    1;  2121.00;   106.00;   634.00;    7.8;eor
       1346;20231219;    1;  2185.00;   228.00;   589.00;    5.6;eor
       1346;20231220;    1;  2648.00;   241.00;   241.00;    0.0;eor
       1346;20231221;    1;  2760.00;   131.00;   131.00;    0.0;eor
       1346;20231222;    1;  2751.00;   137.00;   138.00;    0.0;eor
       1346;20231223;    1;  2719.00;   151.00;   155.00;    0.0;eor
       1346;20231224;    1;  2799.00;   108.00;   109.00;    0.0;eor
       1346;20231225;    1;  2156.00;   237.00;   363.00;    2.6;eor
       1346;20231226;    1;     -999;   298.00;   308.00;    0.0;eor
       1346;20231227;    1;  2142.00;   256.00;   551.00;    4.6;eor
       1346;20231228;    1;  2611.00;   157.00;   160.00;    0.0;eor
       1346;20231229;    1;  2800.00;   123.00;   124.00;    0.0;eor
       1346;20231230;    1;     -999;   232.00;   247.00;    0.3;eor
       1346;20231231;    1;     -999;   104.00;   106.00;    0.0;eor
       1346;20240101;    1;  2640.00;   180.00;   183.00;    0.0;eor
       1346;20240102;    1;  2769.00;    92.00;    92.00;    0.0;eor
       1346;20240103;    1;  2781.00;    66.00;    66.00;    0.0;eor
       1346;20240104;    1;     -999;   161.00;   162.00;    0.0;eor
       1346;20240105;    1;  2677.00;   151.00;   151.00;    0.0;eor
       1346;20240106;    1;  2624.00;   253.00;   257.00;    0.0;eor
       1346;20240107;    1;  2546.00;   222.00;   237.00;    0.0;eor
       1346;20240108;    1;     -999;   294.00;   309.00;    0.0;eor
       1346;20240109;    1;     -999;   327.00;   458.00;    2.5;eor
       1346;20240110;    1;  2015.00;   218.00;   630.00;    6.4;eor
       1346;20240111;    1;  1786.00;   121.00;   728.00;    8.1;eor
       1346;20240112;    1;  1742.00;     -999;     -999;-999;eor
       1346;20240113;    1;  1651.00;   124.00;   778.00;    8.2;eor
       1346;20240114;    1;  1792.00;   137.00;   761.00;    7.4;eor
       1346;20240115;    1;     -999;   176.00;   179.00;    0.0;eor
       1346;20240116;    1;  1727.00;   185.00;   711.00;    7.8;eor
       1346;20240117;    1;  2856.00;    83.00;    85.00;    0.0;eor
       1346;20240118;    1;  2706.00;   150.00;   151.00;    0.0;eor
       1346;20240119;    1;     -999;   479.00;   694.00;    3.7;eor
       1346;20240120;    1;  1558.00;   122.00;   832.00;    8.4;eor
       1346;20240121;    1;  1898.00;   287.00;   670.00;    6.2;eor
       1346;20240122;    1;  2638.00;    92.00;    92.00;    0.0;eor
       1346;20240123;    1;  2690.00;   197.00;   206.00;    0.0;eor
       1346;20240124;    1;  2897.00;   119.00;   119.00;    0.0;eor
       1346;20240125;    1;  2868.00;   231.00;   232.00;    0.0;eor
       1346;20240126;    1;  2801.00;   122.00;   122.00;    0.0;eor
       1346;20240127;    1;     -999;   135.00;   885.00;    8.2;eor
       1346;20240128;    1;  1990.00;   131.00;   890.00;    8.6;eor
       1346;20240129;    1;  2174.00;   330.00;   835.00;    8.6;eor
       1346;20240130;    1;     -999;   441.00;   557.00;    2.0;eor
       1346;20240131;    1;  2410.00;   283.00;   707.00;    4.9;eor
       1346;20240201;    1;     -999;   181.00;   182.00;    0.0;eor
       1346;20240202;    1;  2398.00;   423.00;   558.00;    4.7;eor
       1346;20240203;    1;  2083.00;   146.00;   978.00;    9.0;eor
       1346;20240204;    1;     -999;   451.00;   797.00;    5.8;eor
       1346;20240205;    1;  2022.00;   221.00;  1014.00;    9.2;eor
       1346;20240206;    1;  2403.00;   444.00;   469.00;    0.5;eor
       1346;20240207;    1;  2769.00;    99.00;    99.00;    0.0;eor
       1346;20240208;    1;  2813.00;   204.00;   205.00;    0.0;eor
       1346;20240209;    1;  2844.00;   256.00;   258.00;    0.0;eor
       1346;20240210;    1;  2720.00;   310.00;   317.00;    0.0;eor
       1346;20240211;    1;  2707.00;   255.00;   266.00;    0.0;eor
       1346;20240212;    1;  2627.00;   474.00;   489.00;    0.0;eor
       1346;20240213;    1;  2258.00;   358.00;   962.00;    6.7;eor
       1346;20240214;    1;  2713.00;   430.00;   432.00;    0.0;eor
       1346;20240215;    1;  2635.00;   532.00;   728.00;    3.7;eor
       1346;20240216;    1;  2798.00;   544.00;   696.00;    2.1;eor
       1346;20240217;    1;  2822.00;   415.00;   429.00;    0.2;eor
       1346;20240218;    1;  2496.00;   565.00;   591.00;    0.5;eor
       1346;20240219;    1;  2786.00;   329.00;   330.00;    0.0;eor
       1346;20240220;    1;  2448.00;   704.00;   867.00;    2.2;eor
       1346;20240221;    1;  2494.00;   662.00;   782.00;    2.6;eor
       1346;20240222;    1;  2811.00;   121.00;   122.00;    0.0;eor
       1346;20240223;    1;     -999;   481.00;   587.00;    1.6;eor
       1346;20240224;    1;  2378.00;   532.00;   562.00;    0.4;eor
       1346;20240225;    1;  2135.00;   410.00;  1296.00;    6.8;eor
       1346;20240226;    1;     -999;   666.00;   933.00;    3.8;eor
       1346;20240227;    1;  2613.00;   592.00;   606.00;    0.0;eor
       1346;20240228;    1;  2516.00;   682.00;   954.00;    3.4;eor
       1346;20240229;    1;  2137.00;   449.00;  1356.00;    7.9;eor
